python main2.py
   	      	            fitness            	              size             
   	      	-------------------------------	-------------------------------
gen	nevals	avg    	max   	min    	std    	avg    	max	min	std    
0  	300   	161.347	278.97	63.9181	27.1035	6.98667	15 	3  	4.35122
1  	177   	143.319	297.154	18.8578	29.0707	7.3    	17 	1  	4.46953
2  	146   	128.946	597.303	18.8578	41.3154	8.25333	23 	1  	4.79192
3  	169   	118.788	612.537	18.8578	49.7863	9.88667	23 	1  	4.89903
4  	175   	111.12 	2071.37	18.8578	128.707	11.6667	27 	1  	4.80093
5  	152   	114.603	3282.1 	1      	230.38 	13.0867	29 	3  	4.68819
6  	164   	181.544	17991.3	1      	1064.18	13.3467	29 	3  	5.02392
7  	170   	216.173	12894.8	1      	1006.93	13.8867	39 	1  	5.41114
8  	152   	280.172	18470.7	1      	1249.29	14.16  	27 	3  	3.76843
9  	151   	239.001	6907.28	1      	759.702	14.3533	27 	1  	3.86029
10 	171   	372.559	20335  	1      	1755.12	14.9333	27 	3  	4.0194 
11 	186   	398.69 	22627  	1      	2018.28	15.42  	29 	3  	3.93577
12 	165   	401.51 	21197.6	1      	1769.72	15.5667	31 	5  	4.0905 
13 	161   	244.558	11180.8	1      	873.503	15.4667	27 	5  	3.68722
14 	166   	255.885	20335  	1      	1245.37	15.98  	27 	3  	3.68596
15 	170   	474.645	31889.8	1      	2673.94	16.3533	31 	1  	4.42061
16 	189   	272.325	6547.42	1      	746.286	17.1533	33 	3  	4.41397
17 	192   	245.703	6042.17	1      	703.071	17.4133	35 	3  	4.10396
18 	159   	301.632	5835.33	1      	847.192	17.7067	33 	5  	3.67795
19 	165   	271.576	18680.2	1      	1344.67	17.9467	37 	3  	4.556  
20 	177   	310.529	31889.8	1      	1961.33	18.0133	37 	1  	4.54751
21 	167   	334.106	31889.8	1      	1942.29	18.22  	41 	1  	5.21711
22 	154   	285.31 	31889.8	1      	1923.8 	18.72  	51 	3  	5.08871
23 	178   	274.623	31889.8	1      	1903.85	18.9   	55 	1  	6.33535
24 	181   	280.367	31889.8	1      	1930.32	19.4067	51 	1  	6.56109
25 	168   	164.31 	5702.74	1      	584.134	19.8133	55 	1  	6.86478
26 	160   	368.139	31889.8	1      	2112.99	20.3533	57 	1  	8.48814
27 	172   	220.691	17379.5	1      	1182.35	21.6667	69 	3  	9.22942
28 	173   	157.436	4064.32	1      	485.585	22.52  	109	3  	11.0627
29 	161   	1568.89	411913 	1      	23779.4	23.76  	95 	3  	11.5023
30 	160   	858.783	132380 	1      	8192.55	24.9067	65 	1  	10.9589
31 	158   	709.379	95336  	1      	7058.15	26.9   	67 	1  	11.5113
32 	141   	1670.86	414733 	1      	23945.5	28.4867	89 	3  	12.7756
33 	166   	530.746	95508.6	1      	5746.33	28.6533	77 	3  	12.9022
34 	156   	384.882	71786.4	1      	4190.26	30.52  	73 	3  	14.3753
35 	157   	2007.71	400790 	1      	24071.7	31.3333	73 	3  	14.1806
36 	178   	323.872	54523.3	1      	3203.25	33.62  	97 	1  	16.9337
37 	172   	2235.97	606847 	1      	34985.4	34.9133	97 	1  	17.1963
38 	180   	3341.29	842751 	1      	48833.1	37.6467	99 	3  	17.5657
39 	165   	911.982	116789 	1      	9448.63	37.6333	131	3  	19.0357
40 	170   	160395 	4.77062e+07	1      	2.74969e+06	38.0067	103	3  	18.2789
41 	173   	5793.64	1.40444e+06	1      	81379.3    	41.4067	103	1  	19.7972
42 	185   	4122.01	849291     	1      	50032      	44.22  	147	1  	21.2758
43 	192   	2.3388e+07	7.01599e+09	1      	4.04392e+08	44.9467129	3  	21.5307
44 	163   	4482.02   	835346     	1      	50979.7    	47.16  139	5  	23.9683
45 	151   	5672.89   	1.60926e+06	1      	92775.6    	51.2   131	3  	24.5745
46 	155   	1.14491e+07	3.43441e+09	1      	1.97955e+08	51.96  131	3  	23.4449
47 	179   	6201.69    	1.05372e+06	1      	68041.1    	53.7333143	3  	26.5063
48 	176   	194.728    	46212.8    	1      	2679.19    	58.9   171	9  	29.9623
49 	166   	1.05579e+07	3.16706e+09	1      	1.82545e+08	59.4333195	3  	31.5258
50 	161   	144817     	4.30404e+07	1      	2.48076e+06	60.8933197	3  	30.6918
51 	131   	1.7535e+06 	5.19765e+08	1      	2.99587e+07	62.8867155	9  	31.8718
52 	173   	10877.6    	3.23669e+06	1      	186554     	61.3533179	1  	32.6537
53 	148   	4421.35    	496610     	1      	42080.1    	64.6267179	1  	32.8028
54 	175   	179.047    	29885.4    	1      	1821.48    	69.1667187	3  	35.0746
55 	151   	941804     	2.82312e+08	1      	1.6272e+07 	71.0467201	1  	36.1782
56 	166   	161.869    	19483.7    	1      	1396.82    	75.7267197	3  	36.1817
57 	185   	118246     	1.93422e+07	1      	1.44764e+06	74.14  197	3  	37.6609
58 	167   	211303     	6.29644e+07	1      	3.62917e+06	76.76  197	3  	37.5162
59 	145   	6640.03    	1.74844e+06	1      	101158     	79.14  201	3  	38.305 
60 	155   	129989     	2.72116e+07	1      	1.70644e+06	79.4733205	9  	40.4261
61 	152   	36222.8    	1.0194e+07 	1      	588689     	75.86  225	3  	40.5248
62 	165   	454.912    	78144.9    	1      	5031.61    	75.34  225	9  	38.5065
63 	165   	5.01066e+06	1.503e+09  	1      	8.66311e+07	78.8467225	5  	40.794 
64 	189   	2.62476e+06	7.86836e+08	1      	4.53521e+07	81.6467223	1  	43.8852
65 	164   	1.81644e+07	5.44599e+09	1      	3.13899e+08	77.2067227	11 	39.9199
66 	155   	1.11841e+09	3.35399e+11	1      	1.9332e+10 	79.6133243	3  	43.1465
67 	177   	262.288    	48693.4    	1      	2918.37    	81.6067223	3  	43.5433
68 	150   	71171      	2.12991e+07	1      	1.22764e+06	83.82  231	1  	45.5129
69 	159   	2404.46    	653791     	1      	37753.5    	85.2933225	3  	45.2836
70 	190   	34417.3    	9.67423e+06	1      	558262     	87.4467257	5  	44.3342
71 	175   	541.724    	123136     	1      	7202.49    	85.4867257	3  	45.4523
72 	173   	1215.74    	338855     	1      	19541.3    	85.7667259	3  	47.6687
73 	182   	1.47123e+07	4.35499e+09	1      	2.51018e+08	85.4267259	3  	49.3554
74 	144   	1536.09    	445210     	1      	25660.1    	86.1133259	1  	48.5145
75 	151   	6390.4     	1.90796e+06	1      	109971     	91.5267259	3  	52.1066
76 	157   	146740     	3.39834e+07	1      	1.99676e+06	93.22  259	3  	53.7879
77 	175   	3734.5     	1.10907e+06	1      	63924      	95.3667259	3  	50.2754
78 	165   	1036.92    	301391     	1      	17372.6    	98.3267259	3  	53.5035
79 	178   	421296     	1.23991e+08	0.05   	7.14728e+06	103.027261	7  	53.8326
80 	167   	2.41509e+08	7.24526e+10	0.05   	4.17607e+09	103.72 309	3  	52.38  
mul(x, add(mul(protectedDiv(protectedDiv(x, x), protectedDiv(x, 1)), mul(-1, -1)), mul(mul(x, add(-1, x)), add(-1, x))))
x: -2.000000 y: 37.000000    Actual: 37.000000     Square error: 0.000000
x: -1.750000 y: 24.160156    Actual: 24.160160     Square error: 0.000000
x: -1.500000 y: 15.062500    Actual: 15.062500     Square error: 0.000000
x: -1.250000 y: 8.910156    Actual: 8.910160     Square error: 0.000000
x: -1.000000 y: 5.000000    Actual: 5.000000     Square error: 0.000000
x: -0.750000 y: 2.722656    Actual: 2.722660     Square error: 0.000000
x: -0.500000 y: 1.562500    Actual: 1.562500     Square error: 0.000000
x: -0.250000 y: 1.097656    Actual: 1.097660     Square error: 0.000000
x: 0.000000 y: 0.000000    Actual: 1.000000     Square error: 1.000000
x: 0.250000 y: 1.035156    Actual: 1.035160     Square error: 0.000000
x: 0.500000 y: 1.062500    Actual: 1.062500     Square error: 0.000000
x: 0.750000 y: 1.035156    Actual: 1.035160     Square error: 0.000000
x: 1.000000 y: 1.000000    Actual: 1.000000     Square error: 0.000000
x: 1.250000 y: 1.097656    Actual: 1.097660     Square error: 0.000000
x: 1.500000 y: 1.562500    Actual: 1.562500     Square error: 0.000000
x: 1.750000 y: 2.722656    Actual: 2.722660     Square error: 0.000000
x: 2.000000 y: 5.000000    Actual: 5.000000     Square error: 0.000000
x: 2.250000 y: 8.910156    Actual: 8.910160     Square error: 0.000000
x: 2.500000 y: 15.062500    Actual: 15.062500     Square error: 0.000000
x: 2.750000 y: 24.160156    Actual: 24.160160     Square error: 0.000000
Seed: 3759, Fitness: 0.050000

